Image Index 0:
[[-6.62125525e-08 -3.28823022e-05  1.56157022e-02]
 [ 3.19900926e-05 -7.84395800e-06 -1.68431232e-02]
 [-1.51669481e-02  1.84687550e-02  1.00000000e+00]]
Image Index 1:
[[ 4.05498570e-08  1.48454815e-05 -1.18122180e-02]
 [-1.36543825e-05  1.50698095e-06 -5.08941167e-02]
 [ 1.09603975e-02  4.82590844e-02  1.00000000e+00]]
Image Index 2:
[[ 2.98219373e-09 -1.07572109e-06  1.41381455e-03]
 [ 1.49732381e-06 -2.31027247e-07  9.61197794e-03]
 [-1.94164295e-03 -1.00810697e-02  1.00000000e+00]]
Image Index 3:
[[-1.24671406e-06 -2.13323756e-04  2.66932392e-01]
 [ 1.86038160e-04 -1.78932535e-06  6.91758905e+11]
 [-2.27740380e-01 -6.91758905e+11  1.00000000e+00]]
Image Index 4:
[[ 1.17268811e-21  6.36112882e-19 -2.03661365e-16]
 [-6.36826813e-19  1.75359401e-20 -1.83252290e-03]
 [ 2.02481935e-16  1.83252290e-03 -3.77475828e-15]]
Image Index 5:
[[-1.49468613e-07  6.45098875e-04 -4.04480739e-01]
 [-6.32408530e-04  1.12830823e-05  4.77048556e+00]
 [ 3.97714070e-01 -4.78017107e+00  1.00000000e+00]]
Image Index 6:
[[-1.09178056e-21 -7.48649526e-20  4.01094779e-17]
 [ 7.48649526e-20 -4.09417710e-21 -2.79256815e-03]
 [-3.84710722e-17  2.79256815e-03 -4.44089210e-16]]
Image Index 7:
[[-1.21450146e-10 -5.26776650e-05  1.12188293e-01]
 [ 4.99398750e-05  1.29380841e-06 -2.01488132e+11]
 [-1.11046781e-01  2.01488132e+11  1.00000000e+00]]
Image Index 8:
[[ 3.58314140e-06 -1.63483716e-03  4.25098331e-01]
 [ 1.60894607e-03 -2.18456040e-04  2.46104596e+12]
 [-4.19409489e-01 -2.46104596e+12  1.00000000e+00]]
Image Index 9:
[[ 1.37913162e-06 -7.57653814e-04  4.43104432e-02]
 [ 7.73033511e-04 -8.04564229e-05 -9.04411644e-01]
 [-4.70541934e-02  8.96464154e-01  1.00000000e+00]]