Image Index 0:
[[-2.37200370e-09 -2.94928719e-06  5.09925474e-03]
 [ 2.82272949e-06  1.00826348e-06  1.57589540e-01]
 [-4.97866084e-03 -1.58988791e-01  1.00000000e+00]]
Image Index 1:
[[-5.13598427e-08 -4.17883050e-05  1.04751045e-02]
 [ 3.97685481e-05  1.92095156e-06 -1.87642052e-01]
 [-9.80677753e-03  1.84395207e-01  1.00000000e+00]]
Image Index 2:
[[ 4.11307067e-08 -2.63575996e-05  3.80438294e-02]
 [ 2.63667572e-05 -3.01502088e-06  1.33715804e-01]
 [-3.78774670e-02 -1.30159924e-01  1.00000000e+00]]
Image Index 3:
[[ 2.84695609e-07  7.29223946e-05 -1.36077582e-01]
 [-5.92894442e-05  5.25557707e-06 -2.41491907e+00]
 [ 1.19803906e-01  2.39937298e+00  1.00000000e+00]]
Image Index 4:
[[-5.66839288e-08 -1.37677674e-04  3.33394744e-02]
 [ 1.38159158e-04 -1.78767733e-06 -3.74052672e-02]
 [-3.33874187e-02  3.36464189e-02  1.00000000e+00]]
Image Index 5:
[[-8.65630573e-08 -1.33249206e-04  9.37540983e-02]
 [ 1.33039549e-04 -9.57413277e-07  5.36865569e-02]
 [-9.35817003e-02 -5.43998296e-02  1.00000000e+00]]
Image Index 6:
[[-5.02436472e-08 -1.62588054e-04  7.68150914e-02]
 [ 1.61217112e-04 -3.50047020e-06  8.53176368e-01]
 [-7.64131264e-02 -8.53432328e-01  1.00000000e+00]]
Image Index 7:
[[ 8.72433643e-08 -6.56736784e-05  6.09608775e-02]
 [ 6.57629030e-05 -1.27546113e-06  1.16245290e-01]
 [-6.09403055e-02 -1.16237802e-01  1.00000000e+00]]
Image Index 8:
[[-2.12512500e-06 -5.22993151e-04  9.83143594e-02]
 [ 5.19973714e-04 -3.02078976e-05 -3.27600836e-01]
 [-9.60851912e-02  3.26743051e-01  1.00000000e+00]]
Image Index 9:
[[-8.90897291e-07 -2.88867277e-04  6.03688649e-02]
 [ 2.87705683e-04 -1.00084781e-05 -5.07433425e-01]
 [-5.82768065e-02  5.02137773e-01  1.00000000e+00]]
