Image Index 1:
[[ 3.04366840e-08 -2.15890632e-06  1.11367055e-03]
 [ 2.14493488e-06  3.12802127e-08 -9.08222774e-03]
 [-1.41968920e-03  8.68821470e-03  1.00000000e+00]]
Image Index 4:
[[-2.86438342e-08 -3.17708313e-06 -2.22991483e-04]
 [ 3.17138686e-06  1.04276135e-07  2.79330049e-02]
 [ 8.39384996e-05 -2.82573446e-02  1.00000000e+00]]
Image Index 6:
[[ 6.48107194e-09 -7.17169319e-07  1.34759933e-03]
 [ 7.99215402e-07  2.58484075e-08  1.74607080e-03]
 [-1.50444461e-03 -2.35492149e-03  1.00000000e+00]]
Image Index 7:
[[ 1.41671331e-08 -1.61923267e-06  1.96424783e-03]
 [ 1.63231759e-06 -1.16735575e-07 -6.20864658e-03]
 [-2.04495797e-03  5.58123992e-03  1.00000000e+00]]