Image Index 1:
[[-8.23790027e-09 -1.51370012e-07 -1.28390778e-03]
 [ 5.69367404e-08  7.36293100e-08 -1.36621256e-02]
 [ 1.16252283e-03  1.35850534e-02  1.00000000e+00]]
Image Index 4:
[[-2.10434638e-08 -1.52903188e-06  2.81066362e-03]
 [ 1.47854529e-06  8.34527524e-08  1.93296539e-02]
 [-2.90509077e-03 -1.94636963e-02  1.00000000e+00]]
Image Index 6:
[[ 1.82339659e-08 -3.42642421e-06  4.50626989e-03]
 [ 3.44023960e-06 -3.12238740e-07 -2.98432408e-02]
 [-4.71154794e-03  2.97024445e-02  1.00000000e+00]]
Image Index 7:
[[ 2.77463545e-08 -1.99122509e-07  9.18447266e-04]
 [ 3.31699710e-07  5.00032768e-09  2.95857195e-03]
 [-1.15830126e-03 -3.38734107e-03  1.00000000e+00]]
